000000000000000000000000000000000000000100000000000000000000000000000000000000000000100000000000000000000100000000000000000010000000000000000000000000000000000000000000000001000000000000000001000000000000100000000000000000000000000000000000000000000110000000000001000000000000000000000000001000000000001000000000001000000000000
000000000000000000000000000000000000000000000000000000000000000000000000000000000000000000000000000000000000000100000000000000000000010001000000000100000100000000000000000000000000000000000000000011000000000100000100000000010000000000000000000000000000000000000000000011000000000000000000000000010000000000000000001000000000000
000000000000000000000000000000000000000000000000000000000000000000000000000000000000000000000100000000000000000000000000000000000000010000000000000000000000000000000000000000000000000000000000000011000000000000000000000000000000000000000000000000000000000000000000000001000000000000000000000000000000000000000000000000000000000
000000000000000000000000000000000000000001000000000000000000000000000000000000000000100000000000000000000000000000000000000000001000000000000000010100000000000000000010000000000000000000000000000000000000000100100100000000000000000000000000000000000100000000000000001001000000001000000000000000000000000000000000000000001000000
100000000000000000000000000000000000000000000000000000000000000000000000000000000000000000000000000000000000000000000000000000001000001000000000000000000000000000000000000000000001000000000000000000000000000100000000000000000000000000010000000000000000000000000000000001000000000000000000000000010000000000000000000000000000000
100000000000000000000000000000000000000000000100000000000000000000000001000000000000000000000000000000000000000000000000000000001000000000000000000000000000000000000000000000001000000000000000000000000000000100000010000000000000000000000000000000000000000000000000000000000000000000000000000000000000000000000000000000000000000
100000000000000000000000000000000000000000000000000000000000000000000000000000000000000000000000000000000000000000000000000000000000000000000000000000000000000000000000000000000000000000000000000000000000000000000000000000000000000000000000000000000000000000000000000001000000001000000000000000010000000001000000001000000000000
100000000000000000000000000010000000000000000000000000000000000000000000000000000000000000000010001001001000000010000000000000001000010100000000000000101000000010000000000000000000100000000000000000000000000100010001000000000000001000000000000000000000000000000000000000000000000000000010000000000010000000000000000000000000000
100000000000000000000000000000000000000000000100000000000000000000000000001000000000000000000000000000000000000000000000000000001000000000000000000000000000000000000000000000000000000000000000000000000000000100000010000000000000000000000000000000000000000000000000000000000000000000000000000000000000000000000000000000000000000
000000000000000000000000000000000000000000000000000000000000000000000000000000000000010000000000001000000000000000000000000000000000000000000000010000000000000000000000000000000000000000000000000001000000000100000000010000000001000001000000000000100000000000000000000000000000000000000000000000000000000000000000000000000000000
100000010000000000000000000000000000000000000000000000000000000000000000000000000000000000000000000001000000000000000000000000001100010000000000001000000000000000000000000000000000000000000000010000000000000100000000000000000000000000000000000000000000000000000000100000000000000000000000000000000000000000001000000000000000000
100010000000000000000000000000001000010000000000000000000000000000000000000000000000000000100000000000000010000100000000000000100000010001000000001000000000000000000000000000000000000000000000100000000000001000000000000000000000000000000000000000000000000000000000000001000000000000000000000000010000000000000000000010000000000
000000000000000000000000000000000000000000000000000000000000000000000000000000000000000000100000000000000000000100000000000000000000000000000000000100000000000000000000000000000001000000000000000000000000000100000000000000010000000001000000000000000110000000000000000001000000001000000000000000010000000000000000000000000000000
000000000000000000000000000000000000000100000000000000000000000000000000000000010000100000000000000000000000000000000000000010000000000000010000000000000000000000000000000001000001000000010000000010000000100100100000000000000000000000010000000000000100010000000001000001000000001000000000001000000000001000000000001000000000000
100000000000000000000000000000000000000100000000000000000000000000000100000000000000100000010000000000000010000000000000000100000000000000000000001000000000000000000000000000000000000000001001000010000000100000000000000000000000000000010000000000000110000000000011000000000000000000000000000000000000000000000001000000000000000
100000000000000000000000000000000000000000000000000000000000000000000000000000000000000000100000000000000000000100000000000000100000011001000000000100000100000000000100000000000010000000000000000000000000000010000100000000000000000000010000000000000000000000000000000001000000001000000000100000010000000000000000000000000000000
100000000000000000000000000000000000000000000000000000000000000000000000000000000000000000000000000000000000000000000000000000001000000000000000000000000000010000000000000000000000000000000000000000000000000000100000000000000000000000010000000000000000000000000000000001001010000000000000000000000000001000001000000000000000000
000000000000000000000000000000000000000000000000000000000000000000000000000000000000000000000000000000000010000000000000000000000000000000000000001000000000000000000000000000000000000000000001000010000000000000100000000000000000000000010000000000000100000000000000000001000000001000000000001000000000000000000000000000000000000
100000000000000000100000000000000000000000000000000000000000000000000000000000000000000000000000000000100001000000000000000000000000000000000000000000000000000000000000000000000000000000000001000001000000000000000000000000000000000000000000000000000000000010000000000000000000000000000000000000000100000000000000001000000000000
000000000000000000000000000000000000000000000000000000000000000000000000000000000000000000000000001000001000000000001000000000000000000000000000000100000000001000000000000000000000000000000000000000000000000100000000000000000000000000000000000000000000000000000000000001000000000000000000000000010100000000000000000000000000000
100000000000000000000000000000000000000000000000000000000000000000000000000000000000000010000000000000001000000000000000000001001000010000000000100000000010000000000010000000000000000000000000000000000000000000000000000000000000000000000000000000000000000001010000000000000000000000001000000000000000000000000000000000000000000
000000000000000000000000000000000000000000000000000000000000000000000000000000000000000000000000000000000110000000000000000000000000000001000000000100000000000000000100000000000000000000000001000010000000000100000000000000010000000000000000000000000000000000000000000001000000000000000000000000000000000000000000000000000000000
100000000000000000000000000000000000000000000000000000000000000000000000000000000000000000000000000001000000000000000000000000000000000001000000000010010000000000000000000000000001000000000000000010000000000000000000000000000000000000010000000000000000000000000000000001000000001000000000000000000000000000000000000000000000000
100000000000000000000000000000000000000000000000000000000000000000000000000000000000000000000000000000001000000000000000000001001000010000000000000000000000010000000000000000000000000000000000000000000000000000000000000000000000000010000000000010000000000000001000000000100000000000000000000000000000000000010000000001000000000
000000000000000000000000000000000000000000000000000000000000000000000000000000000000000000000000000001000010000000000000000000000000000000000000000100000000000000000000000000000000000000000000000010000000000000100000000000000000000000010000000000000000000000000000000001000000001000000000001000000000000000000000000000000000000
100000000000000000000000000000000000000000000000000000000000000000000000000000000000000000000000000000000000000000000000000000001000000000000000000100000000000000000001100000000000000000000000000000000000000100100000000000000000000000010000000000000000000000000000000001000000000000000000000001010000000000000000000000000000000
000000000000000000000000000000000000000000000000000000000000000000000000000000000000000000000000000001000010000000000000000000000000000000000000001000000000000000000000000000000001000000000000000010000000000000100000000000000000000000010000000000000000000000000000000001000000001000000000001000000000000000000000000000000000000
000000000000000000000000000000000000000000000000000000000000000000000000000000000000000000000000000001000000000000000000000000000000000000000000001000000000000000000000000000000000000000000001000010000000000100000000000000010000000000010000000000000000000000000000000001000000001000000000000000000100000000000000000000000000000
100000000000000000000000000000000000000100000000000000000000000000000000100000000000000000000000000000000000000001000000000000001000000000000000000000000000000000000000000000000000000000000000000000000000000100000000000000010000000001010000000000000000000000000000000001000000001000000000000000010000000000000000000000000000000
100000000000000000000000000000000000000000000000000000000000000000000000000000000000000000100000000000000000000100000000000000100000010001000000000000000100000000000000000000000000000000000000000001000000000000000000000000000000000000010000000010000000000000000000000000000000001000000000000000010100000000000000000010000000000
100000000000000000000000000000000000000100000000000000000000000000000000000000000000000000000000000001000000000000000000000000000000000000000000000000000000000000000000000000000001000000000000000000000000000100000000000000000000000000000000000000000000000000000000000001000000010000000000000000010000000000000000000010000000000
100000000000000000000000000000000000100000000000000000000000000000000000000000000000100000000000000000000010000000000100000000000000000000000000001000000000000000001000000000000001000000000000010010100000000000000000000000000000000000000000000000000100000000000000000001000000001000000000000000000100000000000000001000000000000
000000000000000000010000000000000000000000000000000000000000000000000000000000000000000000000000000000000010000000000000000000000000000000000000001000000000000000001000000000000000000000000000010010000000000000000000000000000000000000000000000000010000000000000000000001000100000000000000000000000000001000000000001000000000010
100000000000000000000000000000000000000000000000000000000000000000000000000010000000100000000000000001000010000000000000000000000000000000000000000100000000000000000000000000001000000000000000000000000000000000000000000000000000000000000000000000000100000000000000000000000000000000000000000000000100000000000001000010000000000
100000000100000000000000000000000000000000000000000000000000000000000000000000000000000000000000000000000000000000000000000000000000000000000000000000000000000000000000000001000000000000000000000000000000000000000000000000000000000001000000000000000000000000000000000000000000001100000000000000000100000001000000001000000000000
000000000000000000000000000000000000000000000000000000000000000000000000000000000000000000000000000000000000000000000000000010000000000000000000000000000000000000000000001000000000000000010000000001000000000000100000000000000000000000010000000000000110000000000000000001000000000000000000000000000000000000001000000000000000000
100000000000000000000000000000000000000000000000000000000000000000000000000000000001000000000000000010000000000000000000000000000000000000000000000000000000000000000000000000000001100000000000001000000000000100000000000000000000000000000000000000000000000000000000000000000000001000000000000000000000000000001000000000000000000
100000000000000000000000000000000000000000000100000000000000000000000000010000000000000000000000000000000000000000000000000000001000000000000000000000000000000000000000000000001000000000000000000000000000000100000010000000000000000000000000000000000000000000000000000000000000000000000000000000000000000000000000000000000000000
000000000000000000000000000000000000000000000000000000000000000000000000000000000000000000000000000000000000000000000000000000000000010000000100000000000100000000100000000000000000000000000000000000000000000100000100000000010000000000010000000000000000000000000000000001000000001000000000000000000000000000000000000000000000000
000000000000000000000000000000000000000000000000000000000000000000000000000000000000000000000000000000000000000000000000000000000000010000000100000000000100000000100000000000000000000000000000000000000000000100000100000000010000000000010000000000000000000000000000000001000000001000000000000000000000000000000000000000000000000
100000000000000000100100000000000000000000000100000000000000000000000001000000000000000000000000000000000000000000000000000000001000000000000000010000000000000000000000000000001000000000000000000000000000000100000010000000000000000000000000000000000000000000000000000000000000000000000000000000100100010000000000000000000000000
000000000000000000000000000000000000000000000000000000000000000000000000000000000000000000000000000000010000000000000000000000000000000000000000000000000000000000000000000000000000000000000000000010000000000000000000000000000000000000010000000000000000000000000000000000000000001000000000000000000000000010000000000000000000000
000000000000000000000000000000000000000000001000000000000000000000000000000000000000000000000000000000000000000000000100000000001000000000000000000000000000000000000000000000000000000000000000010000000000000000000000000000000000000001000000000000000000000010000000000000000000001000000000000000010010000000000000001000000000000
000000000000000000000000000000000000000000000000000000000000000000000000000000000000000000000000000000000000000000000000000000000000000001000000000000000000000000000000000000000000000001000000000011000000000000000000000000000000000000010000000000000000000000000000000001000000001000000000000000000000000000000000001000000000000
100000000000000000000000000000000000000000000000000000000000000000000000100000000000000000000000000000000000000000000000000000001000000000000000000000000000000000000000000000000000000000000000000010000000000100000000000000000000000000010000000000000000000000000000000001000000001000000000000000000000000000001000000000000000000
000000000000000000000000000000000000000000000000000000000000000000000000000000000000010000000000000000000000000000000000000000001000000000000000000000000000000000000000000000000000000000000000000010000000000100000000000000010000000000000000000000000000000000000000000001000000000000000000001000000000000000000000000000000000000
000000000000001000000000000000000000000000000000000000000000000000000000000000000000000000000000000000000000000000000000000000000000000001000000001000000000000000000000000000000000000000000000000011000000000100000000000000000000000000010000000000000000000000000000000001000000000000000000000000010000000000000000000000000000000
100000000000000000000000000000000000100000000000000000000000000000000010000000000000100000100000000001000000000000000001000000000000000000000000000000000000000000000000000000000000000000000000000000000000100100000100000000010000000000010000000000001000000000000010001001000000001000000000000000010000000000000000001010000000000
000000000000000000000000000000000000000000000000000000000000000000000000000000000000000000000000000000000010000000000000000000000000000000000000000000000000000000000000000000000001000100000000000010010000000000000000000000000000000000000000000000000000000000000000000000000000001000000000000000000000000000000001000000000000000
100000000000000000000000000000000000000000000000000000000000000000000000000000000000000000000000000000000000000000001010000000000000000000000000001000000000000000001100000001000000000000000000010010000000000000000000000000000000000000010000000000010000000000000000000000000000000000000000000000000000000000000001001000000000000
000000000000000000000000000000000000000000000000000000000000001000000000000000000000000000100000000000000000000000000000000000001000010001000000100000000000000000000000000000000000000000000000000000000000000100000100000000010000000000010000000000000000000000000000000001000000001000000000001000010000000000000000000000000000000
100000000000000000000000000000000000000000000000000000000000000000000000000000000000000000000000000000000000000000000000000000000000000000000000000000000001000000000000000000000000100000000000000000000000000000000000000000000000000000000000000000000000000000000000000001000000000000000000000000000000000000000000000000000001000
000000000000000000000000000000000000000000000000000000000000000000000000000000000000000000000000000001000000000000000000000000000000000000000000000000000000000001000000000000000000000000000000000000000000000000000000000000000000000000000001000000000000000010001000000000000000000000000000000000000000000000000000000000000000000
100000000001100000000000000000000000000000000000000000000000000000000000000000000000100100100000000001000000000000000000000000001000000000000000000000000100000000000010000000000000000000000000000000000000000100100000000000000000000000000000000000000100000000000000000000000000000000000000000000000000010000001000001000000000000
100000000000000000000000000000000000000000000000100000000000000000000000000000000000100000000000001000000000000000000000000000001000000000000000011000000000000000000000000000000000000000000000000000000000000000000000010000000011000000000000000000100000000000000000000000000000001000000000000000010100000000000000000000000000000
100000000100000000000000000000000000000000000000000000000000000000000000000000000000000000000000000000000010000000000000000000000000000000000000001000000000000000000100000001000000000000000000000010000000001000000000000000000000000000000000000000000000000000000000000000000000001000000000000000000000001000000001001000000000000
000000000000000000000000000000000000000000000001000000000000000000000000000000000000000000000100000000000000000000000000000000000000010000000100001000000000001000000000000000000000000000000000000010000000000000000000000000000000000000000000000000000000000000000000000001000000001000000000000000010100000000000000000000000000000
100000000010000000000000000000010000000000000000000000000000000000000000000000000000000000000000000000000000000000000000000001001000000000000000000000000010000000000000000000001000000000000000000000000000000000100000000000000000000001000000000000000000000000000000000000000000001000000000000000000000000000100000000000000000000
100000000000000000000000000000000000000000000000000000000000000000000000000000000000000001000000000000000000000000000000000000001000000000000000000000000000001000000000000000000000000000000000000000000000000000000000000000000000000000000000000000000000000000000000000000000000000000000000000000000000000000000000000000000000000
100000000000000000000000000000000000000000000000000100000000000000000000000000000000000000000000000000000000100000000000000001001000000000000000000000000000000000000000000000000000000000000000000001000000000000000000000000000000000000000000000000010000000000000000000001000000000000000000000000000000000000000010000000000000000
000000000000000000000000000000000000000000000100000000000000100000000000000000000000000000000000010000000000000000000000000000000001000000000000000000000000000000000000000000001000000000000000001000000000000100000000000000000000000000000000000000000000000000100000000000000000001000000000000000000000000000000100000000000000000
100001000000000100000000000000000000000000000000000000000000000000000000000000001000000000000000000001000010000000000000000000000000000000000000000000000000000100000000000000000000000000000000000010100000000000000000000000000000000000000000000000000000000000001000000001000000000000000000000000000100000000000000010000000000000
100000000000000000000000000000000000000000001000000000000000000000000000000000000000000000000000000000000000000000000000000001001000010000000000010000000000000000000000000000000000000000000000000001000000000000000000000000000000000010000000000000000000000000000000000001100000000000000000000000000000000000001000000000000000000
100000000000000000000000000000000000000000000000000000000000000000000000000000000000000000000000000001000000000000000000000000001000000000000000001000000000000010000000000000001000000000000000000000000000000100000000000000000000000000010000000000000000000000000010000000000000000000000000000000010000000000000000000010000000000
100000000000000000000000000000000000000000000000000000000000000000000000100000000000000000000000000000000000000000000000000000001000010000000000000000000000000000000000000000000000000000000000000010000000000100100000000000000000000000010000000000000000000000000000000001000000000000000000000000000000000000000000000000000000000
000000000000000000000000000000000000000000000000000000000000000000000000000000000000000000000100000000000000000000000000000000000000000000000000000000000000000000000000000000000000000000000000000000000000000000000000000000000000000000010000000000000000000000000000000000000000000000000000000000000000000000000000000000000000000
000000000000000000000000000000000000000100000000000000000000000000000000000000000000000000000000000000000000000000000000000000000000000001000000000000000100000000000000000000000000000000000000000011000000000000000000000000010000000000010000000000000000000000000000000001000000001000000000000000010000000000000000001000000000000
100010000000000000000000000000000000000000000000000000000000000000000000000000000000000000000000000001000000000000000000000000000000000000000000000100000000000000000000000000000001000000000000000000000000000100000000000000000000000000000000000000000000000000000000000001000000000000000000000000010000000000000000000010000000000
100000100000000000000000000000000000000100000100000000000000000000000000000000000000000000000000000000000000000000000000001000000000000001000000000000000000000000000000000000000000000000000000000000000000000100000000000000000000000000010000000000000000000000000010000000000000000000000000000000000000000000000000001000000000000
000000000000001000000000000000000000000000000000000000000000000000000000000000000000000000000000000000000000000000000000000000000000000001000000000000000000000000000000000000000000000000000000000011000000000000000000000000010000000000010000000000000000000010000000000001000000001000000000000010010000000000000000000000000000000
000000000000000010000000000000000000000000000000000000000000000000000000000000000000000000000000000001000000000000000000000000000000000000000000000000000000000000000000000000000000000000000000000000000000000100000000000000000000000000010000000000000000000010000000000000000000000000000000000000000000000010000000001000000000000
100000000000000000000000000000000000000000000000000000000000000010000000000000000000100110000000000000000000000000000000000001001000000000000000000000000000000000000000000000000000100000000000000010000000000001000000100000000110001001010000000000000000000000000010000000000000000000000000000000000000000000000000000000000100000
100000000000000000000000000000000000000000000000000000000000000000000000000000000000000000000000000000000100000000000000000000000000000000000000000000000000000000000000000000000000100001000000000000000000000000000000000000000000000000010000000000000000000000000000000001000000000000000000000000000000000000000000000000000000000
000000000000000000000000000000000000000100010000000000000000000000000000000000000000000000001000000000000010000000000000000000000000000000000000000000000000000000001000000000000001000000000000000010000000000000000000000000000000000000000000000000010110000000000000000000000000000000000000000000000000001000000000000000000000000
000000000000000000000000000000000000000000000000000000000000000000000000000001000000000000000000000000000000000000000000000000000000000000000000000000000000000000000000000000000000000000000000000000000000000000000000000000000000000000001000000000000000000000000000000000000000000000000000000000000000000000000000000000000000000
100000000000000000000010000000000000000000000000000100000000000000000000000000100000101010000000000000000010000000000000000000000000010000010000000000000000000000100000000000000000000000000000000011000000100000000000000000000000000001000000000000000000000000000000000001000000001000010000000000010100000000000000000000000000000
100000000000000000000000000000000000000000000000000000000000000000000000000000000000000000000000000000000100000000001000000000000000000000000000001000000000000000000100000000000000000000000000000010000000000000000000000000000000000000000000000000000000000000001000000001000000001000000000100000000000000000000000001000000000000
000000000000000000000000000000000000000100000000000000000000000000000000000000000000000000000000000000000000000000000000000000000000000001000000010000000000000000000000000000000000000000000000000010000000000000000000000000000000000000010000000000000000000000000000001001000000001000000000000000000000000000000000000000000000000
100000000000000000000000000000000000000000000100000000000000000000000000000000000000000000000000000000000000000000000000000000001000000000000000000000000000000000000000000000000000000000000000000011000000000000000000000000000000000000010000000000000110000000000000010001000000001000000000000000000000000000000000000000000000000
100000000000000000000000000000000010000000000000000000000000000000000000000000000000000000000000000000000000000000000000000000000000000000000000000000000000000000000000000000000000000000000000000010000000000000000000000000000000000000110000000000000000000000000000000000000000001000000000000000000000000000000000000100000000000
000000000000110000100000000000000000000000000000000000000000000000000000000000000000000000000000000000000010000000000000000000000000000000000000000000000000100000000000000000000000000000000000000010010000000100100000000000000000000000010000000000000000000000000000000001000000000000000000000100000110001000000000000000000000000
000000000000000000000000000000000000000000000000000000000000100000000000000000000001000000000000000010000000000000000000000000000000000000000000000000000000010000000000000000000001000000000010000000000000000100000000000000001000000000000000000000000000000000000000000000000000001000000000000000000000000000000000001000100000000
000000000010000000000000000000000000000000000000000000000000000000000000000000000000000000000000000000000000000000000000000000000000000000000000000100000000000000000000000000000000000000000000000000000000000000000000000000000000000000000000100000000000000000000000000000000001000000000000000000010100000000000000000000000000000
100000000000000000000000000000000000000000000100000000000000000000000000000000000000000000000000000001000000000000000000000000001000000000000000010000000000000000000000000000000001000000000000000000000000000100000010000000000000000000000000000000000000000000000000000000000000000000000000000010000000000000000000000000000000000
000000000000000000000000000000000000000000000000000000000000100000000000000000000001000000000000000010000000000000000000000000000000000000000000000000000000010000000000000000000001000000000000000000000000000100000000000000001000000000000000000000000000000000000000000000000000001000000000000000000000000000000000001000100000000
000000000000000000000000000000000000000000000000000010000000000000000000000000000000000000000000000001000000000000000000000000000000000000000000001000000000000000000000000000000000000000100000010000000000000000000000000000000000000000000000000000000000000000001000000001000000000000000000000000000100000000000000000000000000000
000000000000000000100000000000000000000000000000000000000000000000000000000000000000000010000000000000000000000000000000000000000000000001000000010000000000000000000000000000000000000000000000000011000000000100000000000000000000000000010000000000000000000000000000000001000000001000000000000010000000000000000000000000000000000
000000000000000000000000000000000000000100000000000000000000000000000000000000000000100000000000000000000000000000000000000010000000000000000000000000000000000000000000000001000000000000000001000011001000100000000000000000000000000000010000000000000100010000000001000001000000100000000000000000000000000000000000001000000000000
100000000000000000000000000000000000000000000000000000000000000000000000010000000001000000000000000000000000000000000000000000001000010001000000000000000000000000000000000000001000000000000000000000000000000000000000000000010000000000010000000000000000000000000000000001000000000000000000000000000000000000000000001000000000000
100000000000000000000000000000000000000000000000000000000000000000000001000000000000000010000000000001000000000000000000000000001000010001000000000100000000000010000000000000000000000000000000000000000000000100000000000000010000000001010000000000000000000000000000000001000000001000000000000000000000000000000000000000000000000
100000000000000000000000000000000000000100000100000000000000000000000000000000000000000000000000000000000000000000000000000000000000000000000000000000000000000000000000000000000000000000000000000010000000000100000000000000000000000000010000000000000000000100000000000001000000001000000000000000000000000000000000000000000010000
000000000000000000000000000000000000000000000100000000000000000000000000000000000000000000000000000000000000000000000000000000000000000000000000000000000010000000000000000000001000000000000000000000000000000000000010000000000000000000000000000000000000000000000000000000000000000000000000000000000000000000000000000000000000000
100000000000000000000000000000000000000000000000000000000000000000000000100000000000000000000000000000000000000000000000000000001000000001000000000000000000000000000000000000000000000000000000000010000000000100100000000000000000000000010000000000000000000000000000000001000000001000000000000000000000000000000000001000000000000
100000000000000000000000000000000000000000000000000000000000000000000000000000000000000000000000000001000000000000000000000000001000000000000000000010000010000000000010000000000001000000000000001000000100000100100000000000000000000000000000000000000000000000000000000000000000000000000000000000000001000000001000001000000000000
100000000000000000000000000000000000000000000100000000000000100000000000000000000000000000000000000000000000000000000000000000000000000000000000000000000000000000000000000000000001000000000000000000000000000000000000000000001000000000000000000000000000000000000000000000000000001000000100000000000000000000001000001000100000000
100000000000000000100000000000000000000000000000000000000000000000000000010000000000000000000000001000000000000000000000000000001000000001000000000100000000001000000000000000001000000000000000000000000000000100000000000000000000000001010000000000000000010000000000000001000000000000000000000000010110000000000000001000000000000
100000000000000000000000000000000000000000000100000000000000000000000001000000000000000000000000000000000000000000000000000000001000000000000000010000000000000000000000000000000000000000000000000000000000000100100000000010000000000000010000000000000000000000000000000001000000000000000000000000000010000000000000000000000000000
100000000000000000000000000000000000000000000000000000000000000000000000000000000000000000000000000000000000000000000000000001000000000000000000000000000000000000000000000000000000000000000000000000000001000000000000000000000000000000000000000000000000000000000000000001000000000000000000000000000000000000000000000000000000000
000000000000000000000000000000000000000000000000000000000000000000000000000000000000000000000000000000000000000000000000000010000000000000000000000000000000000000000100000000000000000000000001000000000000100000000000000001000000000000010000000000000000000000000000000000000000000000000000000000000000000000000000001000000000000
101000000000000000000000000000000000000000000000000000000000000000000000000000000000100000000000000000000000000000000000000000001000000000000000000000000000000000000000000000000000000000000000000000000000000100000000000000000000000000010000000000000000000000000000000001000000001000000000001000000000000000000000000000000000000
000000000000000000000000000000000000000000000000000000000000000000000000000000000000000000000000000000000000000000000000000000000000000000000000000100000000000000000000000000000000000000000000000000000000000010000000000000000000000001000000100000000000000000000000000000000001000010000000000000010100000000000000001000000000000
000000000000000001000000000000000000000000000000000000000000000000000000000000000000000000000000000000000100000000000000000000000000000000000000000000000000000000000000000001100000000000000001000011000000000100000000000000000000000000010000000000000000000000000000000000000000001000000000000000000100000000000000000000000000000
100000000000000000000000000000000000000000000000000000000000000000000000000000000000000000000000000000000000000001000000010001001000010000000000000000000000000000000000000000000000000000001000000000000000000000000000100000000000000000000000000000000000000000000000000000100000000000000000000000000000000000000000000000000000000
000100000000000000000000000000000000000000000000000000000000000000000000000000000000000000000000000000000000000000000000000000000000000000000000000000000000000000100000000000000000000000000000000000000000000000000000000000000000000000000000000000000000000000000000000000000000000000000000000000000000000000000000000000000000000
100000000000000000000000000000000000000000000000000000000000000000000000000000000000000000000000000000000000000000000000000000000000000000000000000000000000010000000000000000000000000000000000000000000000000000000000000000000000000000000000000000000000000000000000000001101000000000000000000000000000000000001000000000100000000
000000000000000000000000000000000000000000000000000000000000000000000000000000000000000000000000000000000000000000000000000000000000000000000000000000000000010000000000000000000000000000000000000000000000000000000000000000000000000000001000000000000000000001000000000000000000001000000100000000000000000000000000000000000000000
100000000000000000000000000000000000000000000000000000000000000000000000000000000000000000000000000001000000000000000000000000000000000000000000000000000000000000000000000000000000000000000000000000000000000010000000000000000000000000000000000000000000000000000000000000000000000000000000000000000000000000000000000000000000000
000000000000000000000000000000000000000000000000000000000000000000000000000000000000000000000000000001000010000000000000000000000000000000000000001000000000000000000000000000000000000000000000000010000000000000101000001000000000000000010000000000000000000000000000000001000000001000000000001000000000000000000000000000000000000
100000000000000000000000000000000000000000000000000000000000000000000000000000000000000000000000000001000000000000000000000000000000000000000000000001000000000000000000000000000000000000000000000000000000000010000000000000000000000000000000000000000000000000000000000000000000000000000000010000000000000000000000000000000000000
100000000000000000001000000000000000000000000100000000000000000100000000000000000000000000000000000001000000000000000000000000001000000000000000000100000000000000000000000000000000000000000000000010000000000100000000000000000000000000010000000000000000000000000000000001000000000000000000000000000100000000000000000000000000000
100000000000000000000000000000000100000000000000000000000000000000000000000000000000000000000000000001000000000000000000000000000000100000000000000000000000000000000000000000000001001000000000000010000000000110000000000000000000000000010000000000000000000000000000000000000000000000000000000000000000000000000000000000000000000
000000000010000000000000000000000000000000000000000000000001000000000000000000000100000000000000000000000000001000000000000000000000000000000000000000000000000000000000000000000000000000000000000000000000000000000000000000000000000000000000000000000000000000000000000000000000000000000000000000000000010000000000000000000000000
000000000000000000000000000000000000000000000000000000000000000000000000000000000000000000000000000000000000000000000000000000000000010000000000000000000000000000000000000000000000100000000000000000000000000100000000000000000000000100000000000000000000000000000000000000000000000000000000000000000000000000000000100000000000000
100000000000000000000000000000000000000000000000000000000000000000000000000000000001000000000000000100000000000000000000000000000000000000001000000100000000000000000000000000001000000000000000000000000000000100000000000000000000000001000000000000000000000000000010000001000000001000000000000000001000000000000000000000000000000
100000000000000000000000000000000000000010000000000000000000000000000000000000000000000100000000100000000000000000000000000000000000000000000000000000000000000000000000000000000000000010000000000000000000000000000000000000000000000000000000000000000000000000000000000000000000000000000000000000000000000000000000000000000000000
100000000000000000000000000000000000000000000000000000000000000000000000010000000100100000000000001000000100000000000000000001001000010000000000001000000000000000000000000000000000000000000000000100000000000000000000010000010000000000000000000000000000000000000000000001000000000000000000000000000000000000000000000000000000000
000000000000000000100000000000000000000000000000000000000000000000000000000000000000000010000000000000000100000000000010000000000000000000000000001000000000000000000000000000000000000000000000010000000000000000000000000000000000000000000000000000000000000000000000000100000000000000000000100000000100001000000000000000000000000
000000000000000000000000100000000000000000000000000000000000000000000000000000000000000000000000000001000000000000000000000000001000010000000100000100000000000000000000100000000000000000000000000000000000010100000000000000000000000000000000000000000000000000000000000001000000000000000000000000010100000000000000000000000000000
100000000000000000000000000000000000000000000000000000000000000000000000000000000000000000100000000000000000000100000000000000000000010001000000001000000000000000000010000000000000000000000000000000000000000100000000000000010000000000010000000000000000000000000010000000000000001000000000000000010000000000000000001010000000000
100000000000000000000000000000000000000000000000000000000000000000000000000000000000000000000000000000000000000000000000000000001000000001000000001000010000000000000000000000001000000000000001000010000000000100000000000000010000000001000000000000000000000000000000000001000000001000100000000000000000000000000000000000000000000
000000000000000000000000000000000000000000000000000000000000000000000000000000000000000000000000000000000000000000000000000000000000000001000000001000000000000000000000000000000000100000000000000000000000000100000000000010000000000000000000010000000000000000000000000001000000000000000000000000010100000000000000000000000000000
000000001000000000000000000000000000000000000000000000000000000000000000000000000000000000000000000000000000000000000000000000000000000000000000000000000000000000000000000000000000000000000000000000000000000000000000000000000000000001000000000000000000000000000000000000000000000011000000000000000000000000000000011000000000001
000000000000000000000000000000000000000000000000000000000000000000000000000000000000000000000000000001000000000000000000000000000000000001000000001000000000000000000000000000000000000000000000000010000000000000000000000000000000000000010010000000000000000010001000000001000000000000000000000000010100000000000000010000000000000
000000000000000000000000000000000000000000000000000000000000000000000000100000000000000000000000000000000000000000000000000000000000010001000000000000000000000000000000000000000000000000000000000000000000000100000000000000010000000000000000000000000001000000000000000001000000000000000000000000000000000000000000000000000000000
110000000000000000000000000000000000000000000000000000000000000000000000000000000000000000000000000000000000000000000000000001001000000000000000000000000000000000000000000000000000010000000000000000000000000001100000000000000000000000000000000000000000000000000000000000000000000000000000000000000010000000000000000000000000000
100000000010000000100000000000000000000000000000000000000010000000000000000000000000000000000000000000000000000000000000000000000000000000000000000000000000000000100000000000000000000000000000000000000000000000000000000000000000000000000000000000000000000000000000000000000000000000000000000000000000000000000000000000000000000
000000000000000000000000000000000000000000000000000000000000000000000000000000000000000000000000000000000000000000000000000000000000010001000000000000000000000000000000000000000000000000000000000000000000000000000000000000000000000000000010001000000000000000000000000001000000000000000000000000010000000000000000000000000000001
100000000000000000000000000000000000000000000000000000000000000000000000000000000000000000000000000000000100000000000000000000001000010000000000000000000000000000000000000000000000000000000000000000000000000100000000000000000000000000010000000000000000000000000000000000000000000000000001000000000000000000000000000000000000000
100000000000000000000000010000000000000000000000000101101100000000000000000000000000000000000000000000000000000000000000000000011000000000000000000000000000000000000000000000000100000000000100000000000100000000000000000000000000000001000000000000000000000000000000000001000000000000000000000000010000000000000000000000000000000
100000000000000000000000000000000000000000000000000000000000000000000000000000000000000000000000000000000000000000000000000000000000000000000000001000000000001000000000000000000000000000000000000001000000000000000000000000000000000000000000000000000000000000000000000001000000000000010000000000000000000000001000000000000000000
000000000000000000000000000000000001000000000000000000000000000000000000010000000000000000000000000000000000000000000000000000000000010001000000000000000000000000000000000000000000000000000000000001000000000100000000000000000000000000000000000000000000000000000000000001000000000000000000000000010000000000000000000000000000000
100000000000000000000000000000100000000000000000001000000000000000000000000000000000000000000000000000000000000000000000000001001000000000000000000000000000000000000000000000000000010000000000000000000000000000000000000000000000000000000000000000000000000000000000000000000000000000000000000000000000000000000000000000000000000
100000000000000000000000000000000000000000000000000000000000000000000000000000000000000000000000000000000000000000000000000001000000000000000000000000000000000000010000000000000000100000000000000000000000000000000000000000000000000000000000000000000000000000000000000000000000000000000000000000000000000000000000000000000000000
000000000000000000000000000000000000000000000000000000000000000000000000000000000000000000000000000000000000000000000000000000000000000000000000001000000000000000000000010000000000000000000000000000000000000000000000000010000000000000000000000000000000000000000000000000000000000000000000000000000000000000000000000000000000000
000000000000000000000000000000000000000000000000000000000000000000000000000000000000000000000000000000000000000000100000000000000000000000000000000000000000000000000000000000000000000000000000000011000000000000000000000000000000000001000000000000000000000000000000000001000000000000000000000000010100000000000000000000000000000
000000000000000000000000000000000000000000000100000000000000100000000000000000000000000000000000000000000000000000000000000000000000000000000000000000000000001000000000000000001000000000000010000000000000000100000000000100000000000000000000000000000000000000000000000000000000001000000000000000000000000000000000000000000000000
100000000000000000000000000000000000000000000000000000000000000000010000000000000000000000000000000000000000000000000000000000000000000001000000000000000000000000000000000000000000000000000001000000000000000000000000000000000000000000000000000000000000000000000000000001000000001000000000000000010100000000000000000000000000000
000000000000000000000000000000000000000000000000000000000000000000000000000000000000000000000000000001000000000000000000000000000000000000000000001000000000000000000000000000000000000000000000000010000000000000000000000000000000000000000000100000000000000010001000000001000000000000000000000000000100000000000000000000000000000
100000000000000000000000000100000000000000000000000000000000000000000000000000000000000000000000000000000000000000000000000000000000000000000000001000000000000000000000000001000000000000000000000001000000000000000000000000000000000000000000000000000000000000000000000000000000000000000000000000000000000000000000001000000000000
100000000000000000000000000001000000000000000000000000000000000000000000000000000000000000000000000000000100000000000000000000000000000000000000000000000000000000000000000000000000000000000000000000000000000000000000000000000000000000000000000000000000000000000000000000000000000000000000000000000000000000000000000000000000000
000000000000000000000000001000000000000000000000000000000000000000000000000000000000000000000000000000000000000000000000000000000000000000000000000000000000000000000000000000000000000000000000000011000000000000000000000000000000000000010000000000000000000000000000000000000000000000000000000000000000000000000000000000000000000
000000000000000000000000000000000000000000000000000000000000000000000000000000000000000000000000000000000100000000000000000000000000000000000000000000000000000001000100000000000000000000000000000000010000000000000000000010000000000001000000000000000000000010000000000001000000001000000000000000010000000100000000000000000000000
100000000000000000000000000000000000000000100000000000010000000000000000000000000000000000000000000000000000000000000000000000001000010000000000000000000000000000000000000000000000000000000000000000000000000000100000000000000000000000000000000000000000000000000000000000000000000000000000000000000000000000001000000000000000000
100000000000000000000000000000000000000000000110000000000000110000000000000000000010000000000000000000000000000000000000000000000000000000000000000000000000000000000000000000001000000000000000000000000000000000000000000000000000000000000000000000000000000000000000000000000000001000000000000000000000000000001000000000000000000
100000000000000000000000000000000000000000000000000000000000000000000000000100000000000000000000000001000000000000000000000001001010000000000000000000000000000000000010000000000001000000000000001000000000000000100000000000000000000000000000000000000000000000000100000001000000000000000000000000000000000000000000000000000000000
100000000000000000000000000000000000000000000000000000000000000000000000000000000000000000000000000000000000000000000000000000000000000000000000000100000000000000000000000000000000000000000000000001000000000000000000000000000000000001000000000000000000000000000000000000010000001000000000000000000000000000000000000000000000000
000000000000000000000000000000000000000000000000000000000000000000100000000000000000000000000000000000000000000000000000000000001000000000000000000000000000000000000000000000000000000000000000000000000000000000000000000000000000000000010000000000000000000000000000000001000000000000000000000000010000000000000000000000000001100
000000000000000000000000000000000000000000000000000000000000000000000000000000000000000000000000000000000000000000000000000000000000000000000000000000000000001000000000000000000000000000000000000000000000000100000100000001000000000000000000000000000000000000000000000001000000000000000000000000000000000000000000000000000000000
000000000000000000000000000000000000000000000000000000000000000000000000000000000000000000000000000000000000000000000000000000000000000010000000001000000000000000000000000000000000000000000000000000000000000000000000000000000000000000010000000100000000000000000000000001000000000000000000000000000000000000001000000000000000000
000000000000000000000000000000000000000000000000000000000000000000000000000000000000000000000000000000000000000000010000000000000000000001000000000100000000000000000000000000000000000000000000000000000000000000000100000000000000000000000000000001000000000000000000000000000000000000000000000000010010000000000001000000010000000
000000000000000000000000000000000000000000000000000100000000000000001000000000000000000000100000000000001000000000000000100000000000010001000000000000000000000000000000000000000000000000000000000000000000000100000000000000010000000000000000000000000000000000000010000001000000001000000000000000000000000000000000000000000000000
000000000000000000000000000000000000001000000000000000000000000000000000000000000000000000000000000000000000000000000000000000000000000000000000000000000000000000000000000000010000000000000000000010000000000000000000000000000000000000010000000000000000000000000000000001000000001000000000000000000000000000000000001000000000010
000000000000000000000000000000000000000000000000000000000000000000000000000000000000000000000001000000000000000000000000000000000000000000000000000000000000000000000000000000000000000000000000000000000000000000000000000000000000000000000000000000000000000000000000000000000000000000000000000000000000000001000000001000000000000
100000000000000000000000000000000000000000000000010000000000000000000000000000000000000000000000000000000000010000000000000001000000010000000000000000000000000000000000000000000000000000000000000000000000000000100000000000000000100000000000000000000000000000000000000000100000000000000000000000000000000000000000000000000000000
100000000000000000000000000000000000000000000000000000000000000000000000000000000000000000000000000000000000000000000000000000000000000001000000001000000000000000000000000000000000000000000000000010000000000100000000000000000000000000010100000000000000000000000000000001000000000000000000000000000000000000000000000000000000000
000000000000000000000000000000000000000000000000000000000000000001000000000000000000000000000000000000000000000000000000000000000000000000100000001000000000000000000000000000000000000000000000000010000000000100000000000000010000000000010000000000000000000000000000000001000000001000000000000000000100000000000000001000000000000
100000000000000000000000000001000000000000000000000000000000000000000000000000000000000000000000000000000100000000000000000000000000000000000000000000000000000000000000000000000000000000000000000000000000000000000000000000000000000000010000000000000000000000000000000001000000000000000000000000000000000000000000000000000000000
000000000000000000000000000000000000000000000000000000000000000000000000000000000000000000000000000000000000000000000000000000001000000000000001000000000000000000000000000000000000000000000000000000000000000100000000000000000000000001000000000000000000000000000000000001000000001000000000000000000000000000000000000000000000000
000000000000000001000001000000000000000000000000000000000000000000000000000000000000000000000000000000000000000000000000000000000000000000000000001000000000000000000100000000000000000000000000000000000000000000000000000010000000000000000000000000000000000000000000000000000000000000000000000000000000000000000000000000000000000
100000000000000000000000000000000000000000000000000000000000000000000000000000000000000000000000000001100000000000000000000000000000000000000000000000000000000000000000000000000000000000000000000000000010000000000000000000000000000000000000000000000000100010000000000000000000000000000000000000000100000000000000000000000000000
000000000000000010000000000000000000000000000000000000000000000000000000000000000000000000000000000000000000000000000000000000000000000000000000000100000000000000000000000010000000000000000000000000000000000000000000000010000000000000000000000000000000000010000000000000000000000000000000000000010000000000000000000000000000000
000000000000000000000000000000000000000000000100000000000000000000000000000000000000000000000000000000000000000000000000001000000000000000000000000000000000000000000000000000000000100000000000000000000000000100000000000000000000000000000000000000010000001010000000000000000000000000000000000000000000000000000000001000000000000
000000000000000000000000000000000000000000000000000000000000000000000000000000000000000000000000000000000000000000000000000000001000000100000000000000000000000000000000000000000000000000000000000000000000000100100000000000110000000000010000000100000000000000000000000000000000001000000000001000000000000000000000000000000000000
110000000000000000000000000000000000000000000000000000000000000000000000000000000000000000100000000000000000000000000000000000000000000000000010001000000000000000000000000000000000000000000000000000000000000000000000000010000000010000010000000000000000000010000000000011000000000000000000000010010100100000000000001000000000000
100000000000000000000000000000000000000000000000000000000000000000000000000000000000000100000000000000000000000100000000000000001000000000000000000000000000000000000010000000001000000000000000000000000000000000000000000000000000000000000000000000000000000000000010000000000000000000000000000000010000000000000000000000000000000
000000000000000000000000000000000000000000000000000000000000000000000000000000000000000000000000000000000000000000000000000000000000010001000000001000000000000000000000000000000000000000000000000010000000000000000000000000010000000000010000000000000000000000000000000001000000001000000000000100010000000000000000001000000000000
000000000000000000000000000000000000000000000000000000000000000000000000000000000000000000000000000000000000000000000000000000000000000001000000000000000000000000000000000100000000000000000000000010000000000000000000000000000000000000010000000000000000000000000000000001000000001000000000000000000000000000000000000000000000000
